-50 -50 -10 -50 50 -10 -150 -50 -10
-150 50 -10 -50 50 -10 -150 -50 -10
-50 -50 -110 -50 50 -110 -150 -50 -110
-150 50 -110 -50 50 -110 -150 -50 -110
-50 -50 -10 -50 -50 -110 -50 50 -10
-50 50 -110 -50 -50 -110 -50 50 -10
-150 -50 -10 -150 -50 -110 -150 50 -10
-150 50 -110 -150 -50 -110 -150 50 -10
-50 -50 -10 -150 -50 -10 -50 -50 -110
-150 -50 -110 -150 -50 -10 -50 -50 -110
-50 50 -10 -150 50 -10 -50 50 -110
-150 50 -110 -150 50 -10 -50 50 -110

-50 -50 -210 -50 50 -210 -150 -50 -210
-150 50 -210 -50 50 -210 -150 -50 -210
-50 -50 -310 -50 50 -310 -150 -50 -310
-150 50 -310 -50 50 -310 -150 -50 -310
-50 -50 -210 -50 -50 -310 -50 50 -210
-50 50 -310 -50 -50 -310 -50 50 -210
-150 -50 -210 -150 -50 -310 -150 50 -210
-150 50 -310 -150 -50 -310 -150 50 -210
-50 -50 -210 -150 -50 -210 -50 -50 -310
-150 -50 -310 -150 -50 -210 -50 -50 -310
-50 50 -210 -150 50 -210 -50 50 -310
-150 50 -310 -150 50 -210 -50 50 -310

50 -50 -10 50 50 -10 150 50 -10
50 -50 -10 150 -50 -10 150 50 -10
50 -50 -110 50 50 -110 150 50 -110
50 -50 -110 150 -50 -110 150 50 -110
50 -50 -10 50 50 -10 50 50 -110
50 -50 -10 50 -50 -110 50 50 -110
150 -50 -10 150 50 -10 150 50 -110
150 -50 -10 150 -50 -110 150 50 -110
50 -50 -10 50 -50 -110 150 -50 -10
50 -50 -110 150 -50 -110 150 -50 -10
50 50 -10 50 50 -110 150 50 -10
50 50 -110 150 50 -110 150 50 -10

50 -50 -210 50 50 -210 150 50 -210
50 -50 -210 150 -50 -210 150 50 -210
50 -50 -310 50 50 -310 150 50 -310
50 -50 -310 150 -50 -310 150 50 -310
50 -50 -210 50 50 -210 50 50 -310
50 -50 -210 50 -50 -310 50 50 -310
150 -50 -210 150 50 -210 150 50 -310
150 -50 -210 150 -50 -310 150 50 -310
50 -50 -210 50 -50 -310 150 -50 -210
50 -50 -310 150 -50 -310 150 -50 -210
50 50 -210 50 50 -310 150 50 -210
50 50 -310 150 50 -310 150 50 -210